spitzer_06300+0000_rgbは検証データとして扱う。
spitzer_00000+0000_rgbは、spitzer_bubbleの同定は行われていないため、用いない

選定する際のデータは、all_ring_mwp_pytorch_remove_cygnus.pdfを使った。
選定する際のデータのカタログは、all_ring_mwp_pytorch_remove_cygnus_catalogue.csv









<pre>
全てのfitsのGLON_min, GLON_max, GLAT_min, GLAT_maxを示す。(GLON:galactic longtitude（銀径）、GLAT::galactic latitude（銀緯）)

spitzer_00000+0000_rgb
358.446500015535 1.553166651135 -2.253166644135 2.2534999774649997
spitzer_00300+0000_rgb
1.446500015535 4.553166651135 -2.253166644135 2.2534999774649997
spitzer_00600+0000_rgb
4.446500015535 7.553166651135 -1.7281666493849999 1.7284999827149998
spitzer_00900+0000_rgb
7.446500015535 10.553166651135 -1.203166654635 1.203499987965
spitzer_01200+0000_rgb
10.446500015535 13.553166651135 -1.203166654635 1.203499987965
spitzer_01500+0000_rgb
13.446500015535 16.553166651135 -1.203166654635 1.203499987965
spitzer_01800+0000_rgb
16.446500015535 19.553166651135 -1.203166654635 1.203499987965
spitzer_02100+0000_rgb
19.446500015535 22.553166651135 -1.203166654635 1.203499987965
spitzer_02400+0000_rgb
22.446500015535 25.553166651135 -1.203166654635 1.203499987965
spitzer_02700+0000_rgb
25.446500015535 28.553166651135 -1.203166654635 1.203499987965
spitzer_03000+0000_rgb
28.446500015535 31.553166651135 -1.203166654635 1.203499987965
spitzer_03300+0000_rgb
31.446500015535 34.553166651135 -1.203166654635 1.203499987965
spitzer_03600+0000_rgb
34.446500015535 37.553166651135 -1.203166654635 1.203499987965
spitzer_03900+0000_rgb
37.446500015535 40.553166651135 -1.203166654635 1.203499987965
spitzer_04200+0000_rgb
40.446500015535 43.553166651135 -1.203166654635 1.203499987965
spitzer_04500+0000_rgb
43.446500015535 46.553166651135 -1.203166654635 1.203499987965
spitzer_04800+0000_rgb
46.446500015535 49.553166651135 -1.203166654635 1.203499987965
spitzer_05100+0000_rgb
49.446500015535 52.553166651135 -1.203166654635 1.203499987965
spitzer_05400+0000_rgb
52.446500015535 55.553166651135 -1.203166654635 1.203499987965
spitzer_05700+0000_rgb
55.446500015535 58.553166651135 -1.203166654635 1.203499987965
spitzer_06000+0000_rgb
58.446500015535 61.553166651135 -1.203166654635 1.203499987965
spitzer_29700+0000_rgb
295.446500015535 298.553166651135 -1.203166654635 1.203499987965
spitzer_30000+0000_rgb
298.446500015535 301.553166651135 -1.203166654635 1.203499987965
spitzer_30300+0000_rgb
301.446500015535 304.553166651135 -1.203166654635 1.203499987965
spitzer_30600+0000_rgb
304.446500015535 307.553166651135 -1.203166654635 1.203499987965
spitzer_30900+0000_rgb
307.446500015535 310.553166651135 -1.203166654635 1.203499987965
spitzer_31200+0000_rgb
310.446500015535 313.553166651135 -1.203166654635 1.203499987965
spitzer_31500+0000_rgb
313.446500015535 316.553166651135 -1.203166654635 1.203499987965
spitzer_31800+0000_rgb
316.446500015535 319.553166651135 -1.203166654635 1.203499987965
spitzer_32100+0000_rgb
319.446500015535 322.553166651135 -1.203166654635 1.203499987965
spitzer_32400+0000_rgb
322.446500015535 325.553166651135 -1.203166654635 1.203499987965
spitzer_32700+0000_rgb
325.446500015535 328.553166651135 -1.203166654635 1.203499987965
spitzer_33000+0000_rgb
328.446500015535 331.553166651135 -1.203166654635 1.203499987965
spitzer_33300+0000_rgb
331.446500015535 334.553166651135 -1.203166654635 1.203499987965
spitzer_33600+0000_rgb
334.446500015535 337.553166651135 -1.203166654635 1.203499987965
spitzer_33900+0000_rgb
337.446500015535 340.553166651135 -1.203166654635 1.203499987965
spitzer_34200+0000_rgb
340.446500015535 343.553166651135 -1.203166654635 1.203499987965
spitzer_34500+0000_rgb
343.446500015535 346.553166651135 -1.203166654635 1.203499987965
spitzer_34800+0000_rgb
346.446500015535 349.553166651135 -1.203166654635 1.203499987965
spitzer_35100+0000_rgb
349.446500015535 352.553166651135 -1.203166654635 1.203499987965
spitzer_35400+0000_rgb
352.446500015535 355.553166651135 -1.7281666493849999 1.7284999827149998
spitzer_35700+0000_rgb
355.446500015535 358.553166651135 -2.253166644135 2.2534999774649997
</pre>
